#    s        x        y     Ue/Vinf    Dstar     Theta      Cf       H
   0.00000  1.00000  0.00126  0.88951  0.007382  0.004172  0.000712     1.769
   0.00632  0.99381  0.00254  0.89967  0.006907  0.003995  0.000789     1.729
   0.01731  0.98304  0.00473  0.91837  0.006154  0.003697  0.000936     1.665
   0.03011  0.97049  0.00724  0.93850  0.005487  0.003410  0.001094     1.609
   0.04441  0.95646  0.01001  0.95889  0.004923  0.003148  0.001255     1.564
   0.05976  0.94138  0.01291  0.97847  0.004462  0.002920  0.001410     1.528
   0.07573  0.92569  0.01588  0.99661  0.004090  0.002725  0.001554     1.501
   0.09203  0.90967  0.01884  1.01330  0.003785  0.002559  0.001687     1.479
   0.10849  0.89346  0.02176  1.02849  0.003535  0.002417  0.001807     1.462
   0.12504  0.87717  0.02463  1.04259  0.003320  0.002292  0.001919     1.449
   0.14163  0.86082  0.02745  1.05559  0.003137  0.002181  0.002022     1.438
   0.15824  0.84444  0.03020  1.06772  0.002976  0.002083  0.002118     1.429
   0.17486  0.82804  0.03289  1.07927  0.002832  0.001992  0.002210     1.422
   0.19149  0.81162  0.03552  1.09022  0.002702  0.001909  0.002297     1.415
   0.20812  0.79519  0.03809  1.10058  0.002584  0.001832  0.002379     1.410
   0.22474  0.77875  0.04059  1.11068  0.002474  0.001760  0.002460     1.406
   0.24137  0.76230  0.04302  1.12036  0.002372  0.001692  0.002537     1.402
   0.25800  0.74585  0.04539  1.12977  0.002277  0.001628  0.002613     1.398
   0.27462  0.72938  0.04769  1.13897  0.002187  0.001567  0.002688     1.396
   0.29124  0.71292  0.04993  1.14796  0.002102  0.001509  0.002761     1.393
   0.30785  0.69645  0.05210  1.15683  0.002020  0.001452  0.002834     1.391
   0.32446  0.67998  0.05420  1.16543  0.001944  0.001399  0.002904     1.389
   0.34105  0.66350  0.05624  1.17418  0.001868  0.001346  0.002978     1.388
   0.35764  0.64703  0.05820  1.18260  0.001797  0.001296  0.003048     1.386
   0.37422  0.63056  0.06009  1.19114  0.001728  0.001247  0.003121     1.385
   0.39079  0.61410  0.06191  1.19957  0.001661  0.001200  0.003193     1.385
   0.40734  0.59764  0.06366  1.20803  0.001596  0.001153  0.003266     1.384
   0.42388  0.58118  0.06533  1.21646  0.001533  0.001108  0.003340     1.383
   0.44040  0.56474  0.06692  1.22495  0.001471  0.001064  0.003415     1.383
   0.45690  0.54830  0.06843  1.23343  0.001412  0.001021  0.003491     1.383
   0.47339  0.53188  0.06985  1.24213  0.001352  0.000978  0.003571     1.383
   0.48985  0.51547  0.07120  1.25071  0.001295  0.000936  0.003650     1.383
   0.50630  0.49907  0.07245  1.25958  0.001239  0.000895  0.003733     1.383
   0.52271  0.48270  0.07362  1.26849  0.001183  0.000855  0.003819     1.384
   0.53910  0.46635  0.07469  1.27760  0.001129  0.000815  0.003908     1.384
   0.55545  0.45002  0.07567  1.28697  0.001074  0.000776  0.004002     1.385
   0.57177  0.43373  0.07654  1.29655  0.001021  0.000737  0.004102     1.385
   0.58802  0.41749  0.07732  1.30671  0.000967  0.000698  0.004214     1.385
   0.60420  0.40134  0.07798  1.31782  0.000912  0.000659  0.004346     1.384
   0.62025  0.38529  0.07852  1.32950  0.000856  0.000619  0.004495     1.382
   0.63621  0.36934  0.07891  1.33957  0.000806  0.000584  0.004624     1.382
   0.65210  0.35345  0.07914  1.34941  0.000759  0.000549  0.004756     1.382
   0.66793  0.33762  0.07922  1.35893  0.000712  0.000516  0.004887     1.382
   0.68371  0.32184  0.07915  1.36821  0.000668  0.000483  0.005021     1.383
   0.69943  0.30612  0.07891  1.37735  0.000624  0.000451  0.005158     1.384
   0.71510  0.29046  0.07850  1.38641  0.000582  0.000420  0.005301     1.385
   0.73070  0.27487  0.07791  1.39531  0.000540  0.000390  0.005449     1.386
   0.74623  0.25935  0.07715  1.40418  0.000500  0.000360  0.005606     1.388
   0.76169  0.24392  0.07620  1.41303  0.000459  0.000330  0.005771     1.391
   0.77706  0.22859  0.07506  1.42182  0.000420  0.000301  0.005949     1.393
   0.79234  0.21338  0.07373  1.43060  0.000381  0.000273  0.006141     1.397
   0.80750  0.19829  0.07219  1.43930  0.000342  0.000244  0.006351     1.400
   0.82254  0.18335  0.07044  1.44811  0.000303  0.000216  0.006594     1.404
   0.83743  0.16859  0.06848  1.45720  0.000264  0.000188  0.006898     1.406
   0.85213  0.15405  0.06629  1.46585  0.000225  0.000160  0.007287     1.407
   0.86661  0.13978  0.06389  1.47452  0.000185  0.000132  0.007805     1.405
   0.88079  0.12584  0.06127  1.48253  0.000150  0.000104  0.007960     1.440
   0.89460  0.11233  0.05844  1.49122  0.000136  0.000081  0.005831     1.678
   0.90791  0.09937  0.05542  1.51219  0.000189  0.000068  0.000950     2.767
   0.92057  0.08711  0.05226  1.52111  0.000180  0.000064  0.000816     2.801
   0.93242  0.07571  0.04901  1.53269  0.000167  0.000060  0.000888     2.798
   0.94332  0.06532  0.04573  1.54497  0.000154  0.000055  0.000979     2.790
   0.95315  0.05602  0.04251  1.55749  0.000142  0.000051  0.001080     2.782
   0.96191  0.04785  0.03938  1.57033  0.000131  0.000047  0.001212     2.767
   0.96962  0.04073  0.03640  1.58284  0.000120  0.000043  0.001356     2.753
   0.97639  0.03458  0.03357  1.59522  0.000109  0.000040  0.001542     2.730
   0.98235  0.02925  0.03090  1.60667  0.000100  0.000037  0.001738     2.712
   0.98761  0.02465  0.02837  1.61768  0.000091  0.000034  0.001993     2.684
   0.99228  0.02064  0.02596  1.62729  0.000082  0.000031  0.002274     2.659
   0.99646  0.01715  0.02365  1.63569  0.000074  0.000028  0.002647     2.622
   1.00023  0.01410  0.02143  1.64118  0.000067  0.000026  0.003013     2.597
   1.00366  0.01144  0.01929  1.64470  0.000060  0.000024  0.003543     2.553
   1.00679  0.00910  0.01719  1.64294  0.000055  0.000022  0.004022     2.529
   1.00968  0.00708  0.01514  1.63720  0.000048  0.000020  0.004781     2.477
   1.01235  0.00532  0.01312  1.62152  0.000044  0.000018  0.005360     2.456
   1.01485  0.00383  0.01112  1.59810  0.000039  0.000016  0.006290     2.405
   1.01719  0.00259  0.00913  1.55835  0.000035  0.000015  0.007034     2.374
   1.01940  0.00160  0.00716  1.50236  0.000031  0.000013  0.007821     2.337
   1.02149  0.00085  0.00521  1.42459  0.000028  0.000012  0.008439     2.301
   1.02348  0.00034  0.00329  1.32604  0.000027  0.000012  0.008484     2.291
   1.02538  0.00006  0.00140  1.20765  0.000025  0.000011  0.008744     2.242
   1.02721  0.00001 -0.00042  1.07039  0.000024  0.000011  0.007721     2.261
   1.02906  0.00017 -0.00227  0.92225  0.000023  0.000010  0.007218     2.224
   1.03098  0.00057 -0.00415  0.75165  0.000023  0.000010  0.005780     2.232
   1.03298  0.00123 -0.00604  0.57479  0.000024  0.000011  0.004480     2.208
   1.03507  0.00216 -0.00791  0.39885  0.000025  0.000011  0.002880     2.233
   1.03727  0.00337 -0.00974  0.23141  0.000026  0.000012  0.001647     2.208
   1.03959  0.00484 -0.01154  0.08072  0.000030  0.000013  0.000487     2.230
   1.04205  0.00657 -0.01328 -0.05091  0.000030  0.000013  0.000307     2.230
   1.04469  0.00858 -0.01499 -0.16950  0.000034  0.000015  0.000883     2.249
   1.04752  0.01087 -0.01666 -0.26874  0.000037  0.000017  0.001271     2.248
   1.05059  0.01347 -0.01829 -0.35585  0.000041  0.000018  0.001519     2.262
   1.05394  0.01640 -0.01991 -0.43201  0.000045  0.000020  0.001668     2.271
   1.05762  0.01971 -0.02152 -0.49809  0.000049  0.000022  0.001719     2.287
   1.06169  0.02346 -0.02312 -0.55628  0.000054  0.000024  0.001739     2.294
   1.06625  0.02772 -0.02473 -0.60778  0.000060  0.000026  0.001706     2.308
   1.07138  0.03259 -0.02635 -0.65411  0.000065  0.000028  0.001666     2.316
   1.07721  0.03819 -0.02799 -0.69520  0.000072  0.000031  0.001582     2.332
   1.08388  0.04464 -0.02964 -0.73187  0.000079  0.000034  0.001500     2.343
   1.09152  0.05210 -0.03130 -0.76494  0.000087  0.000037  0.001412     2.354
   1.10027  0.06070 -0.03295 -0.79433  0.000095  0.000040  0.001315     2.367
   1.11023  0.07053 -0.03455 -0.81983  0.000105  0.000044  0.001214     2.382
   1.12140  0.08159 -0.03607 -0.84228  0.000115  0.000048  0.001130     2.390
   1.13370  0.09381 -0.03747 -0.86104  0.000126  0.000052  0.001037     2.406
   1.14696  0.10702 -0.03870 -0.87674  0.000137  0.000057  0.000959     2.417
   1.16100  0.12102 -0.03975 -0.88943  0.000149  0.000061  0.000884     2.431
   1.17563  0.13563 -0.04061 -0.89997  0.000161  0.000066  0.000823     2.439
   1.19072  0.15070 -0.04129 -0.90837  0.000173  0.000070  0.000764     2.452
   1.20615  0.16612 -0.04180 -0.91513  0.000184  0.000075  0.000713     2.462
   1.22184  0.18181 -0.04215 -0.92059  0.000196  0.000079  0.000668     2.472
   1.23775  0.19771 -0.04236 -0.92502  0.000207  0.000083  0.000629     2.481
   1.25383  0.21379 -0.04244 -0.92846  0.000219  0.000088  0.000591     2.491
   1.27005  0.23002 -0.04240 -0.93133  0.000230  0.000092  0.000560     2.498
   1.28640  0.24636 -0.04227 -0.93354  0.000241  0.000096  0.000531     2.507
   1.30286  0.26282 -0.04204 -0.93544  0.000251  0.000100  0.000507     2.512
   1.31941  0.27936 -0.04174 -0.93674  0.000262  0.000104  0.000481     2.522
   1.33604  0.29599 -0.04137 -0.93812  0.000272  0.000108  0.000464     2.523
   1.35275  0.31270 -0.04093 -0.93904  0.000282  0.000112  0.000444     2.530
   1.36952  0.32946 -0.04045 -0.94007  0.000292  0.000115  0.000431     2.530
   1.38635  0.34629 -0.03992 -0.94083  0.000301  0.000119  0.000415     2.534
   1.40323  0.36315 -0.03936 -0.94176  0.000309  0.000122  0.000406     2.532
   1.42013  0.38005 -0.03876 -0.94292  0.000317  0.000125  0.000400     2.525
   1.43704  0.39694 -0.03814 -0.94468  0.000321  0.000128  0.000401     2.510
   1.45389  0.41378 -0.03750 -0.94678  0.000326  0.000131  0.000403     2.494
   1.47071  0.43058 -0.03681 -0.94791  0.000334  0.000134  0.000391     2.501
   1.48754  0.44740 -0.03606 -0.94857  0.000344  0.000137  0.000375     2.513
   1.50439  0.46423 -0.03528 -0.94886  0.000354  0.000140  0.000359     2.528
   1.52126  0.48108 -0.03446 -0.94909  0.000363  0.000143  0.000346     2.537
   1.53816  0.49795 -0.03360 -0.94907  0.000373  0.000146  0.000333     2.548
   1.55508  0.51485 -0.03271 -0.94886  0.000383  0.000150  0.000320     2.559
   1.57202  0.53177 -0.03179 -0.94873  0.000391  0.000153  0.000311     2.565
   1.58899  0.54871 -0.03085 -0.94829  0.000401  0.000156  0.000300     2.576
   1.60597  0.56567 -0.02988 -0.94801  0.000410  0.000159  0.000292     2.580
   1.62298  0.58264 -0.02889 -0.94751  0.000419  0.000162  0.000283     2.588
   1.64000  0.59963 -0.02788 -0.94706  0.000428  0.000165  0.000276     2.593
   1.65703  0.61664 -0.02685 -0.94655  0.000436  0.000168  0.000268     2.598
   1.67408  0.63366 -0.02581 -0.94607  0.000444  0.000171  0.000262     2.601
   1.69114  0.65068 -0.02475 -0.94534  0.000454  0.000174  0.000254     2.610
   1.70821  0.66772 -0.02369 -0.94488  0.000461  0.000177  0.000250     2.610
   1.72529  0.68477 -0.02261 -0.94427  0.000470  0.000180  0.000244     2.615
   1.74238  0.70182 -0.02152 -0.94361  0.000478  0.000183  0.000238     2.620
   1.75948  0.71888 -0.02043 -0.94301  0.000486  0.000185  0.000233     2.623
   1.77658  0.73594 -0.01932 -0.94223  0.000495  0.000188  0.000227     2.630
   1.79368  0.75301 -0.01821 -0.94162  0.000503  0.000191  0.000223     2.632
   1.81078  0.77008 -0.01709 -0.94076  0.000512  0.000194  0.000217     2.640
   1.82789  0.78715 -0.01597 -0.93999  0.000520  0.000197  0.000212     2.645
   1.84499  0.80422 -0.01484 -0.93924  0.000528  0.000200  0.000207     2.648
   1.86210  0.82128 -0.01370 -0.93830  0.000538  0.000202  0.000201     2.657
   1.87919  0.83834 -0.01256 -0.93743  0.000547  0.000205  0.000197     2.663
   1.89627  0.85538 -0.01141 -0.93703  0.000551  0.000208  0.000197     2.655
   1.91334  0.87240 -0.01026 -0.93689  0.000540  0.000210  0.000415     2.571
   1.93036  0.88939 -0.00910 -0.92786  0.000421  0.000227  0.001402     1.856
   1.94729  0.90628 -0.00793 -0.92439  0.000383  0.000248  0.002321     1.541
   1.96405  0.92300 -0.00677 -0.92258  0.000392  0.000275  0.002727     1.427
   1.98046  0.93937 -0.00562 -0.91988  0.000424  0.000305  0.002799     1.392
   1.99621  0.95508 -0.00451 -0.91565  0.000464  0.000335  0.002741     1.384
   2.01084  0.96967 -0.00347 -0.90990  0.000508  0.000367  0.002641     1.385
   2.02384  0.98263 -0.00253 -0.90219  0.000554  0.000398  0.002520     1.391
   2.03492  0.99369 -0.00172 -0.88797  0.000615  0.000437  0.002325     1.407
   2.04125  1.00000 -0.00126 -0.88951  0.000621  0.000444  0.002356     1.399
   2.04125  1.00010 -0.00001  0.88951  0.010494  0.004616  0.000000     2.273
   2.04757  1.00641 -0.00040  0.86704  0.009690  0.005124  0.000000     1.891
   2.05499  1.01382 -0.00078  0.87734  0.008761  0.004897  0.000000     1.789
   2.06368  1.02250 -0.00117  0.88799  0.007965  0.004681  0.000000     1.701
   2.07387  1.03269 -0.00158  0.89858  0.007285  0.004482  0.000000     1.625
   2.08583  1.04463 -0.00199  0.90881  0.006708  0.004303  0.000000     1.559
   2.09984  1.05864 -0.00242  0.91843  0.006216  0.004146  0.000000     1.499
   2.11627  1.07507 -0.00283  0.92731  0.005795  0.004010  0.000000     1.445
   2.13554  1.09433 -0.00323  0.93544  0.005432  0.003892  0.000000     1.396
   2.15813  1.11692 -0.00360  0.94284  0.005116  0.003790  0.000000     1.350
   2.18462  1.14340 -0.00390  0.94957  0.004838  0.003701  0.000000     1.307
   2.21567  1.17446 -0.00410  0.95569  0.004594  0.003624  0.000000     1.268
   2.25209  1.21087 -0.00416  0.96125  0.004379  0.003556  0.000000     1.231
   2.29479  1.25357 -0.00402  0.96629  0.004189  0.003497  0.000000     1.198
   2.34485  1.30363 -0.00361  0.97085  0.004023  0.003445  0.000000     1.168
   2.40355  1.36232 -0.00284  0.97496  0.003880  0.003400  0.000000     1.141
   2.47237  1.43114 -0.00159  0.97863  0.003757  0.003360  0.000000     1.118
   2.55307  1.51182  0.00026  0.98190  0.003652  0.003325  0.000000     1.098
   2.64769  1.60640  0.00290  0.98479  0.003564  0.003295  0.000000     1.082
   2.75864  1.71729  0.00653  0.98731  0.003492  0.003269  0.000000     1.068
   2.88872  1.84728  0.01138  0.98950  0.003432  0.003247  0.000000     1.057
   3.04125  1.99967  0.01776  0.99149  0.003382  0.003227  0.000000     1.048
